100 100
5488
5488
5488
5488
5488
5488
5488
5488
5488
5488
5488
5488
5488
5488
5488
5488
5488
5488
5488
5488
5488
5488
5488
5488
5488
5488
5488
5488
5488
5488
5488
5488
5488
5488
5488
5488
5488
5488
5488
5488
5488
5488
5488
5488
5488
5488
5488
5488
5488
5488
5488
5488
5488
5488
5488
5488
5488
5488
5488
5488
5488
5488
5488
5488
5488
5488
5488
5488
5488
5488
5488
5488
5488
5488
5488
5488
5488
5488
5488
5488
5488
5488
5488
5488
5488
5488
5488
5488
5488
5488
5488
5488
5488
5488
5488
5488
5488
5488
5488
5488
5488
4170
4360
5508
9671
2220
8929
763
8735
103
7713
1802
1541
7777
5139
8489
2233
2946
6504
975
5881
487
2084
5173
9601
8702
3079
4257
7290
8638
6442
2860
8589
2485
385
4581
7285
9445
3848
5469
4077
2509
3745
1150
8349
9891
7839
1134
174
3009
4946
6757
8231
8467
4202
931
9842
873
3651
9241
3009
8245
337
5539
3791
2186
1543
5459
2593
2962
9275
1855
1067
6427
2022
5689
3108
9192
481
5007
5219
3554
2752
2570
460
6204
2026
6563
6476
4997
1530
2010
8859
6064
7194
2288
2147
8370
7323
6723
5488
4360
9671
8929
8735
7713
1541
5139
2233
6504
5881
2084
9601
3079
7290
6442
8589
385
7285
3848
4077
3745
8349
7839
174
4946
8231
4202
9842
3651
3009
337
3791
1543
2593
9275
1067
2022
3108
481
5219
2752
460
2026
6476
1530
8859
7194
2147
7323
5434
5977
1479
85
2336
1160
3750
1516
3752
9427
6780
1570
1060
1051
8667
1416
7809
8114
1532
7494
7479
9021
933
4981
5754
9086
9488
5077
3136
962
8334
3210
3570
2977
5978
526
1494
4600
3574
5246
5627
8766
684
5427
5120
7452
7573
9677
6895
6098
5488
5508
8929
103
1541
8489
6504
487
9601
4257
6442
2485
7285
5469
3745
9891
174
6757
4202
873
3009
5539
1543
2962
1067
5689
481
3554
460
6563
1530
6064
2147
6723
5977
837
2336
6122
1516
4514
6780
6965
1051
5705
7809
6613
7494
9174
933
3667
9086
1477
3136
7889
3210
8263
5978
6578
4600
5028
5627
8234
5427
4227
7573
8874
6098
1139
9306
5030
999
2184
355
134
5260
2921
4238
7815
309
9879
2935
2076
4796
5169
54
4639
846
8010
7765
1766
6941
727
9638
5858
3684
2524
5533
983
6680
9496
5488
9671
8735
1541
2233
5881
9601
7290
8589
7285
4077
8349
174
8231
9842
3009
3791
2593
1067
3108
5219
460
6476
8859
2147
5434
1479
2336
3750
3752
6780
1060
8667
7809
1532
7479
933
5754
9488
3136
8334
3570
5978
1494
3574
5627
684
5120
7573
6895
9477
9306
1109
2329
355
3601
4814
4238
3271
778
2935
2907
6920
54
457
966
7765
1489
2477
9638
1332
8459
5533
2513
3047
4511
4167
7845
2167
8306
7144
603
2426
9182
4404
2814
3139
2728
8730
4870
4978
4252
4152
2298
4042
2049
7856
3350
3650
3081
5488
2220
7713
8489
5881
8702
6442
4581
4077
9891
4946
931
3009
2186
9275
5689
5219
6204
1530
2288
5434
837
1160
1961
6780
5067
1416
6613
7479
2830
9086
6523
8334
8263
526
8021
5627
1305
7452
8874
9477
9603
999
1539
3601
2921
6310
9306
2935
9069
2148
4639
966
5219
6941
4373
1332
2524
2734
6222
4511
1551
8186
6167
7144
9278
4958
7605
2814
3709
4321
2312
4978
9415
3658
2031
2049
830
8973
4859
6687
7016
8874
629
3156
7581
1559
9333
1718
6433
7804
4122
8764
8659
201
88
8054
8523
6056
2880
5488
8929
1541
6504
9601
6442
7285
3745
174
4202
3009
1543
1067
481
460
1530
2147
5977
2336
1516
6780
1051
7809
7494
933
9086
3136
3210
5978
4600
5627
5427
7573
6098
9306
999
355
5260
4238
309
2935
4796
54
846
7765
6941
9638
3684
5533
6680
4511
2901
2167
5867
603
4958
4404
650
2728
7315
4978
1048
2298
5943
7856
8973
3081
508
4936
287
3156
8718
9037
1656
8394
7804
2487
4630
1043
3161
8054
5548
4526
2090
8113
5598
8116
2562
2836
1731
7169
909
593
1215
3023
4521
6338
8506
2226
2240
5488
763
5139
487
7290
4581
3745
3009
9842
5539
9275
9192
460
2010
7323
837
3750
8479
1051
4195
7479
3667
5077
9407
5978
8021
8766
4227
6895
8479
999
1036
4814
7815
653
9069
54
6902
796
727
1332
1444
6680
3373
7845
6167
4126
5738
4404
750
4321
7233
4252
6708
5943
830
3650
3750
9183
6568
3156
9541
3535
9712
5766
4122
4630
6912
6865
6538
6056
9185
8113
2693
153
7503
4089
1113
909
8929
8300
3048
5576
1172
2226
5204
4710
7410
7712
7038
536
4504
5557
3243
6565
5590
8300
9740
3229
8636
5488
8735
2233
9601
8589
4077
174
9842
3791
1067
5219
6476
2147
1479
3750
6780
8667
1532
933
9488
8334
5978
3574
684
7573
9477
1109
355
4814
3271
2935
6920
457
7765
2477
1332
5533
3047
4167
2167
7144
2426
4404
3139
8730
4978
4152
4042
7856
3650
6687
4936
3776
8163
9037
1718
5766
2487
7084
6424
8054
4653
934
8113
1073
4419
2836
79
4132
593
8300
3076
6338
3528
1278
323
7103
7712
1052
8316
4905
3995
3094
3186
8300
4668
6856
7910
2781
6687
6078
125
4088
2747
191
1246
6132
7552
4371
9515
5488
103
6504
4257
7285
9891
4202
5539
1067
3554
1530
6723
2336
4514
1051
6613
933
1477
3210
6578
5627
4227
6098
5030
355
2921
309
2076
54
8010
6941
5858
5533
9496
2901
6167
603
5433
650
112
4978
6500
5943
5920
3081
7016
287
3371
9037
9712
7804
3763
1043
2125
5548
2880
8113
989
2562
6898
7169
483
1215
3048
6338
2879
2240
645
1434
2915
536
4146
3995
3802
7005
5147
7387
8636
1547
5574
6078
339
3438
4267
9935
4762
8766
4180
9515
5083
447
2124
5530
8917
481
2434
6409
2938
6383
4596
5488
7713
5881
6442
4077
4946
3009
9275
5219
1530
5434
1160
6780
1416
7479
9086
8334
526
5627
7452
9477
999
3601
6310
2935
2148
966
6941
1332
2734
4511
8186
7144
4958
2814
4321
4978
3658
2049
8973
6687
8874
3156
1559
1718
7804
8764
201
8054
6056
6937
5598
4419
8095
7169
3675
8300
4521
7639
8184
323
3387
8065
536
4905
8800
6952
568
4668
6138
1565
8533
6078
3035
5813
9585
1246
6396
7325
5398
813
447
418
4582
3436
9938
3735
4750
841
6636
4332
1291
6817
6893
4344
8231
8289
8207
4195
9807
5488
1802
2084
2485
8349
931
1543
9192
6476
6723
1160
1113
7809
7378
5077
8263
3574
4200
6098
8433
3601
7815
6847
2620
7765
4373
1450
9496
7845
9985
4958
2651
8730
1054
1356
830
3081
8524
3205
3631
1718
7730
4630
467
5234
2880
8479
4047
2836
1113
3675
9552
5116
1287
2240
3656
7712
2127
4411
581
6952
7427
4148
8636
2781
3940
7811
3402
9209
4587
6396
6995
9515
1846
1792
7372
8685
9383
5116
1348
841
4596
173
8494
4293
7237
8115
9048
1016
3154
9807
3062
267
9141
8059
7546
3821
924
2453
5908
5488
1541
9601
7285
174
3009
1067
460
2147
2336
6780
7809
933
3136
5978
5627
7573
9306
355
4238
2935
54
7765
9638
5533
4511
2167
603
4404
2728
4978
2298
7856
3081
4936
3156
9037
8394
2487
1043
8054
4526
8113
8116
2836
7169
593
3023
6338
2226
323
1434
1052
4457
3995
6952
8300
7387
7910
151
6078
9140
2747
9935
6132
7325
9515
2186
2615
5530
3436
2259
6409
7183
8596
4332
7014
4293
7268
2624
8289
9934
2254
1977
6140
7590
4273
1157
3821
9102
4429
1210
5614
7727
7383
2657
7533
408
5912
1837
5488
7777
3079
5469
8231
2186
481
2010
1479
4514
1416
7378
3136
6696
8766
8874
1109
5466
309
3662
966
727
1450
2995
2167
9278
1175
112
4252
1184
8973
1823
3776
3631
3947
4122
1043
75
743
152
4419
8866
909
5578
5116
2879
7984
3063
1052
4504
8800
5057
9970
2777
1547
3940
125
5914
6808
124
7325
7857
1693
2124
9438
2479
5116
6413
5826
2108
1291
6465
7268
525
6888
7717
3976
3062
2318
1095
8303
6443
3570
3502
1210
5438
7629
3087
4064
1974
8875
4692
5907
3110
674
9538
2963
1603
7766
2228
5488
5139
7290
3745
9842
9275
460
7323
3750
1051
7479
5077
5978
8766
6895
999
4814
653
54
796
1332
6680
7845
4126
4404
4321
4252
5943
3650
9183
3156
3535
5766
4630
6865
6056
8113
153
4089
909
8300
5576
2226
4710
7712
536
5557
6565
8300
3229
1565
5171
125
12
9935
6396
4371
6623
5050
9970
3436
5175
1717
6383
4534
1291
4293
7676
3002
733
4195
3891
6140
1368
7598
9167
3169
2453
1210
4884
7208
347
1311
7066
5912
4216
6451
7050
5010
1632
3895
7766
3518
8462
1471
2300
5942
9349
4238
4948
5488
8489
6442
9891
3009
5689
1530
837
6780
6613
9086
8263
5627
8874
999
2921
2935
4639
6941
2524
4511
6167
4958
3709
4978
2031
8973
7016
3156
9333
7804
8659
8054
2880
5598
7503
7169
7179
4521
2879
323
9529
536
8110
6952
5147
6138
6233
6078
6778
9585
4762
7325
8539
447
7372
3436
2434
4750
525
4332
9082
6893
4780
8289
7717
9807
6592
7590
126
9167
280
4429
4415
872
8804
2657
5691
8875
1104
5620
4478
2770
3339
3895
2219
2805
3698
8588
2213
2067
227
7107
9407
7041
4664
6192
181
9859
2231
5488
2233
8589
174
3791
5219
2147
3750
8667
933
8334
3574
7573
1109
4814
2935
457
2477
5533
4167
7144
4404
8730
4152
7856
6687
3776
9037
5766
7084
8054
934
1073
2836
4132
8300
6338
1278
7103
1052
4905
3094
8300
6856
2781
6078
4088
191
6132
4371
813
2615
9438
4513
6409
841
4534
7014
5867
8714
8289
9615
604
6140
6477
8303
3821
7380
3612
5614
7208
1453
7533
4173
4723
5620
9956
5010
2963
2638
7958
9311
4314
3602
5942
100
4510
6934
2261
7107
6192
205
8838
7449
9408
1503
9047
2108
5223
738
5488
2946
385
6757
2593
6204
5977
8479
1532
1477
526
4200
9306
5466
653
4639
2477
7272
2901
9734
2814
7233
1356
585
4936
7581
3947
3763
6865
9243
5598
9928
4132
9552
8789
5204
1434
9490
9696
5057
4668
1979
5171
4183
9209
4762
9655
9967
2615
8081
9938
1303
5826
7645
7506
7237
3002
2790
6527
5978
7590
5964
8507
4355
3612
5438
6752
1975
5419
4235
4216
7872
7246
9971
2421
2219
6726
2744
8240
7782
100
8330
37
2518
6986
4872
9714
1469
2219
597
2568
2399
1010
1206
6018
5616
2886
4904
8640
4599
5488
6504
7285
4202
1067
1530
2336
1051
933
3210
5627
6098
355
309
54
6941
5533
2901
603
650
4978
5943
3081
287
9037
7804
1043
5548
8113
2562
7169
1215
6338
2240
1434
536
3995
7005
7387
1547
6078
3438
9935
8766
9515
447
5530
481
6409
6383
4332
7506
7268
60
9934
9807
6140
3516
1157
5944
4429
4826
7727
347
7533
8875
1837
8076
7246
8514
3895
2450
9311
6481
6024
2067
4433
4948
7029
5521
6192
6237
5119
4247
661
2568
9333
2688
738
9831
5947
5068
4954
3421
7383
9489
2906
9440
1725
5268
5488
975
3848
873
3108
2288
1516
4195
9488
6578
7452
8433
4238
3662
796
2524
4167
9734
650
1102
2049
3750
3205
5382
2487
88
743
989
4089
6401
4521
939
7103
2127
9696
5590
7387
9368
1354
5914
1246
1608
6623
4981
8685
2434
9308
8482
7014
8628
8231
2790
3976
5483
3516
7546
3169
1847
3052
4714
2657
1333
9447
9000
9956
9538
6471
365
6726
1890
2300
909
4433
3159
3516
4664
2675
245
3321
4057
1503
7851
1278
8808
8202
5616
5475
1747
4112
8409
9489
2121
2534
9134
9437
608
5114
552
327
4457
5488
5881
4077
3009
5219
5434
6780
7479
8334
5627
9477
3601
2935
966
1332
4511
7144
2814
4978
2049
6687
3156
1718
8764
8054
6937
4419
7169
8300
7639
323
8065
4905
6952
4668
1565
6078
5813
1246
7325
813
418
3436
3735
841
4332
6817
4344
8289
4195
6536
7590
8303
5644
4429
1724
7208
2657
123
4386
5620
1918
7692
3895
7958
3204
8588
9593
100
7107
1237
8967
6192
5652
6641
9846
1503
8478
6632
7319
6371
5947
8071
4150
924
5993
1146
8491
1558
4803
8027
2615
860
8401
5387
3322
3775
2554
4273
1066
5488
487
3745
5539
460
837
1051
3667
5978
4227
999
7815
54
727
6680
6167
4404
7233
5943
3750
3156
9712
4630
6538
8113
7503
909
3048
2226
7410
536
3243
8300
8636
5171
6778
9935
1526
6623
2124
3436
7445
6383
6680
4293
4780
733
4060
6140
410
9167
4355
1210
9811
347
5691
5912
9000
7050
5062
3895
2635
8462
1998
5942
227
4948
5096
6986
9441
9859
7753
661
8738
7859
6966
8202
4477
5068
6435
924
894
6512
1493
1725
8546
4590
7588
43
2123
4401
3299
6875
9687
8091
3485
8967
5901
9686
3448
5488
2084
8349
1543
6476
1160
7809
5077
3574
6098
3601
6847
7765
1450
7845
4958
8730
1356
3081
3205
1718
4630
5234
8479
2836
3675
5116
2240
7712
4411
6952
4148
2781
7811
9209
6396
9515
1792
8685
5116
841
173
4293
8115
1016
9807
267
8059
3821
2453
1724
6752
4064
4623
1837
3084
5010
6471
4312
5397
8588
6725
483
4948
2261
5886
3430
9235
2219
1750
8478
7618
738
9745
7727
8975
4112
375
7935
8169
1558
5268
5252
6925
43
5860
3660
6851
3940
5966
1066
6545
5880
8950
7864
9220
878
1664
4886
9801
5488
5173
7839
2962
8859
1961
7494
9407
684
5030
6310
2620
9638
2995
4126
3709
4152
585
287
5382
8764
6538
8479
2255
593
6466
7984
2915
5557
4866
6138
9812
4088
4587
9655
261
5530
3252
9308
2108
6817
7354
733
7031
267
126
1675
3570
5614
367
6820
4235
5907
4650
8514
825
3518
1890
9611
1424
7107
7134
8889
9441
8838
5085
1750
2209
1010
9086
3301
497
4954
9379
7227
4509
2534
3512
6817
8211
860
1768
7765
6700
6875
8971
3234
1671
5880
7382
3577
5318
3256
1988
6768
6443
4514
5660
4564
2406
5488
9601
174
1067
2147
6780
933
5978
7573
355
2935
7765
5533
2167
4404
4978
7856
4936
9037
2487
8054
8113
2836
593
6338
323
1052
3995
8300
7910
6078
2747
6132
9515
2615
3436
6409
8596
7014
7268
8289
2254
6140
4273
3821
4429
5614
7383
7533
5912
5620
7246
2963
6998
9311
8588
5942
4433
6934
761
6192
6899
7449
661
9047
6632
738
2881
2886
4954
924
371
2906
8378
1425
8027
5114
43
4398
1502
3775
901
5465
8602
8967
9856
9048
7257
878
853
5420
640
4514
3281
8965
2595
2735
5840
2561
190
5488
8702
4946
5689
5434
5067
9086
8021
9477
2921
2148
4373
4511
9278
4321
2031
6687
7581
7804
88
6937
7503
3675
6466
323
2625
8800
5147
1565
4955
9585
3757
813
7372
9938
5351
4332
7435
8231
7717
6536
6023
9167
7023
1724
8804
6820
7089
5620
6038
432
2219
3204
8093
2067
5106
1237
4664
8066
2391
9846
7770
7364
6966
6371
8302
8975
31
5993
4509
9299
1818
8027
1320
3212
3824
3322
7259
1894
1315
5705
1355
3173
6577
8473
2268
3965
2214
7636
6849
6003
9326
336
3100
2840
4375
5495
6245
260
1565
5488
3079
8231
481
1479
1416
3136
8766
1109
309
966
1450
2167
1175
4252
8973
3776
3947
1043
743
4419
909
5116
7984
1052
8800
9970
1547
125
6808
7325
1693
9438
5116
5826
1291
7268
6888
3976
2318
8303
3570
1210
7629
4064
8875
5907
674
2963
7766
3204
8240
2025
544
7029
5886
205
3321
7334
5852
6632
9589
810
5068
5797
9956
7935
947
3835
6817
2615
9220
4398
5695
2948
1894
7660
6545
845
5076
2821
5313
9987
6986
640
2024
8721
7657
6686
8111
8436
1711
5161
5816
2652
202
714
2937
3518
6986
5488
4257
4202
3554
2336
6613
3210
4227
355
2076
6941
9496
603
112
5943
7016
9037
3763
5548
989
7169
3048
2240
2915
3995
5147
1547
339
9935
4180
447
8917
6409
4596
7506
4780
9934
8035
3516
6443
4429
3815
347
4650
1837
4478
8514
7905
9311
1998
2067
8330
7029
2099
6237
2231
661
7851
2688
3540
5947
1014
3421
894
2906
1731
5268
8399
7640
1768
4401
1545
901
2141
5595
1355
5129
3448
5313
767
5420
7684
6066
3647
1853
4950
1974
9513
190
4298
4116
2652
8402
8941
8645
7681
9572
2228
732
8382
5488
7290
9842
460
3750
7479
5978
6895
4814
54
1332
7845
4404
4252
3650
3156
5766
6865
8113
4089
8300
2226
7712
5557
8300
1565
125
9935
4371
5050
3436
1717
4534
4293
3002
4195
6140
7598
3169
1210
7208
1311
5912
6451
5010
3895
3518
1471
5942
4238
1237
6986
205
5600
661
8478
5223
8202
6537
6224
924
8348
643
1725
8234
2615
43
6255
5821
6875
4273
3841
8967
3983
5868
8473
8312
4886
640
8411
4121
1853
692
4147
2561
7985
5008
415
5598
1598
408
3518
5215
9477
8924
8365
1270
4240
1980
8262
5488
8638
3651
6563
3752
2830
4600
8479
3271
8010
2734
9985
2728
1184
9183
9333
7084
9243
2562
6401
7639
7410
4411
4866
7910
4955
6808
4180
5050
4174
4750
4220
5867
9048
6527
6275
1157
3118
3052
3087
123
8344
7050
5507
4312
3698
9611
7437
6934
5793
8066
1469
7334
9684
2688
337
6537
1747
5616
3407
8491
672
4975
7588
4376
2526
6851
4573
2494
1671
3607
7864
7257
2368
7554
2214
690
8134
7657
6550
611
9513
472
8477
415
7363
5893
6432
3892
3065
3369
9288
2086
6566
4130
3121
3944
976
1321
9670
5488
6442
3009
1530
6780
9086
5627
999
2935
6941
4511
4958
4978
8973
3156
7804
8054
5598
7169
4521
323
536
6952
6138
6078
9585
7325
447
3436
4750
4332
6893
8289
9807
7590
9167
4429
872
2657
8875
5620
2770
3895
2805
8588
2067
7107
7041
6192
9859
9846
2568
6632
131
5947
8975
924
9489
8491
3016
8027
940
8401
4401
3775
1894
1066
424
9856
3577
8473
3707
5420
9464
6093
6003
2595
3769
8436
4081
5495
4116
117
3808
408
2930
9605
3369
9876
7690
9573
6051
9959
3271
6368
4986
3214
7310
4349
1787
5488
2860
337
6064
1060
6523
5427
1036
6920
5858
8186
2651
2298
1823
3535
8659
934
9928
1215
939
8065
3243
4148
9812
2747
3757
1693
8917
1717
4220
6893
4584
604
9141
8507
3636
7727
4074
9447
3110
7692
848
8462
2996
483
9407
8889
7443
7449
1755
7364
1206
810
169
3421
8656
643
9134
4975
3724
8401
3343
7396
9687
87
7376
8950
5118
9702
1988
8483
6952
3281
7479
1407
3100
7455
2620
5816
7638
2322
8941
8782
7868
9477
1675
4068
6566
1762
8956
3271
6606
6725
217
3935
3833
6496
7385
8336
8092
5488
8589
3791
2147
8667
8334
7573
4814
457
5533
7144
8730
7856
3776
5766
8054
1073
4132
6338
7103
4905
8300
2781
4088
6132
813
9438
6409
4534
5867
8289
604
6477
3821
3612
7208
7533
4723
9956
2963
7958
4314
5942
4510
2261
6192
8838
9408
9047
5223
6371
2886
5797
2425
2906
1558
8234
5114
4376
5696
3775
1505
87
8967
5896
2821
878
5598
7995
4514
4121
1572
2735
8359
6427
5495
364
5598
714
5261
4482
9572
1740
302
1270
9019
7236
3944
2540
2229
3214
6385
428
6496
9122
6182
8722
4129
9982
3845
5488
2485
1543
6723
7809
8263
6098
7815
7765
9496
4958
1054
3081
3631
4630
2880
2836
9552
2240
2127
6952
8636
7811
4587
9515
7372
5116
4596
4293
9048
9807
9141
3821
5908
6752
5691
1837
4694
6471
2228
8588
1756
4948
7177
3430
2231
1750
1679
738
4477
8975
4599
7935
4973
5268
92
43
4457
6851
7419
1066
6755
8950
3448
878
1503
9801
179
5592
2406
3769
4312
190
8591
4777
1565
8700
5331
6986
3974
9876
8382
4537
2388
8262
9518
2806
9670
1829
9408
1787
3390
3736
8092
6758
6601
3845
6470
1348
3236
5488
385
2593
5977
1532
526
9306
653
2477
2901
2814
1356
4936
3947
6865
5598
4132
8789
1434
9696
4668
5171
9209
9655
2615
9938
5826
7506
3002
6527
7590
8507
3612
6752
5419
4216
7246
2421
6726
8240
100
37
6986
9714
2219
2568
1010
6018
2886
8640
5993
8078
3835
8661
7640
5860
5821
5099
2494
2415
9856
7996
9702
630
7995
2024
5592
5296
6247
766
7985
5907
1764
4264
4279
2930
5354
4246
1134
2164
9019
4837
2497
7297
1426
4933
6711
3880
1487
1763
5083
1088
7976
5352
1838
9436
1642
4323
1028
2869
5488
4581
9275
837
7479
8021
999
9069
1332
6167
4321
830
3156
4122
6056
7503
8300
5204
536
5590
1565
6778
6396
261
3436
5351
1291
4780
4195
6275
9167
3636
7208
5691
4216
6038
3895
4835
2300
227
1237
2281
9859
6344
8478
6966
3301
5324
924
3573
9299
8546
2615
1151
4401
7259
4273
3485
3607
7625
8473
8697
8483
1340
4121
9326
3769
6607
7985
3609
260
3202
408
5504
8242
1136
8365
8512
6051
6577
6631
2498
9556
6784
4349
4322
8362
3326
3165
9159
2083
7517
5186
5776
8388
8315
5756
4484
4921
4818
5488
7285
1067
2336
933
5627
355
54
5533
603
4978
3081
9037
1043
8113
7169
6338
1434
3995
7387
6078
9935
9515
5530
6409
4332
7268
9934
6140
1157
4429
7727
7533
1837
7246
3895
9311
6024
4433
7029
6192
5119
661
9333
738
5947
4954
7383
2906
1725
8027
7640
4398
6902
901
1066
8967
5129
7257
9244
5420
9304
3281
1853
2735
8436
190
8056
1764
8402
408
886
9572
4548
8898
9573
6743
8262
4834
6725
3214
4461
8295
7039
7129
5083
7892
8074
3845
8074
8411
2232
5229
4976
3114
8241
6432
4827
1847
6734
5488
9445
2022
6122
5754
1305
5260
6902
3047
5433
3658
8524
8394
75
153
7179
1278
9490
7005
9368
5813
1526
1792
3252
8596
7435
6888
8035
7598
3118
872
4074
4723
4694
2421
4835
6024
1758
3516
6521
6641
92
7859
4121
7727
2613
7227
5887
1425
4392
3212
9104
2948
2113
5595
1542
5868
6129
7554
938
6093
6823
1407
8429
6427
6710
4777
174
4279
1514
8242
1995
8898
9889
6481
1076
8058
1152
267
7046
7838
4348
2592
8515
2411
4750
7329
1715
7532
64
9417
9028
9413
3451
2946
4996
7810
6069
8319
6518
5488
3848
3108
1516
9488
7452
4238
796
4167
650
2049
3205
2487
743
4089
4521
7103
9696
7387
1354
1246
6623
8685
9308
7014
8231
3976
3516
3169
3052
2657
9447
9956
6471
6726
2300
4433
3516
2675
3321
1503
1278
8202
5475
4112
9489
2534
9437
5114
327
3322
5099
7660
1855
5129
9220
8312
6997
690
5671
2595
4882
7455
1555
364
202
8700
2745
5354
2295
8365
6186
6743
4814
8058
4986
327
3129
5990
1235
6182
929
9446
8753
8378
9436
5494
6721
6496
3547
8241
8773
4623
4832
8039
1564
6141
2310
6764
6156
5488
5469
481
4514
3136
8874
309
727
2167
112
8973
3631
1043
152
909
2879
1052
5057
1547
5914
7325
2124
5116
2108
7268
7717
2318
6443
1210
3087
8875
3110
2963
2228
8240
227
7029
6521
3321
4810
6632
2534
5068
9287
7935
1731
6817
7089
4398
3299
1894
9991
845
1912
5313
1503
640
6296
7657
2325
8436
2472
5816
2652
714
5861
6986
3143
1134
8083
6051
9694
4834
5711
267
3061
5990
3390
3865
8043
3003
3888
7459
9659
2232
7520
8528
541
4493
9521
1432
6961
9745
6279
2485
854
8256
584
3389
8764
5488
4077
5219
6780
8334
9477
2935
1332
7144
4978
6687
1718
8054
4419
8300
323
4905
4668
6078
1246
813
3436
841
6817
8289
6536
8303
4429
7208
123
5620
7692
7958
8588
100
1237
6192
6641
1503
6632
6371
8071
924
1146
1558
8027
860
5387
3775
4273
5705
9856
2821
6511
5420
7636
4121
2595
611
2084
5495
7579
2322
408
4482
812
9876
89
9019
9959
6631
1503
3214
8731
7838
5108
6182
3165
3003
849
8486
8411
5679
1335
5756
4772
7004
8308
9673
4538
6006
926
5779
3261
4590
3047
7909
1829
322
4311
5488
2509
2752
6965
3570
9603
4796
1444
2426
6500
8874
7730
4526
8866
5576
9529
3094
1979
3438
1608
418
7445
173
7354
2254
6023
3570
3815
1311
8344
2770
848
4314
1756
37
2281
5119
92
1278
2534
8071
1287
6512
2742
5252
8332
7765
4502
5465
602
3173
7623
9987
2228
6066
8984
692
2289
472
6350
117
9781
8782
6659
1740
9865
4537
3743
2497
3121
9556
3915
8295
7579
2592
2657
9446
2928
7459
9654
5679
2114
1323
4191
8792
7664
8477
9144
5881
8917
4497
101
4110
345
4544
5966
3133
3730
1356
4686
5488
3745
460
1051
5978
999
54
6680
4404
5943
3156
4630
8113
909
2226
536
8300
5171
9935
6623
3436
6383
4293
733
6140
9167
1210
347
5912
7050
3895
8462
5942
4948
6986
9859
661
7859
8202
5068
924
6512
1725
4590
43
4401
6875
8091
8967
9686
8473
630
640
9695
1853
3769
2561
1555
415
1025
408
4352
9477
732
1270
6051
8262
4202
1426
5242
4349
4214
7129
617
2411
2083
8378
1348
2232
4415
5756
817
8792
8134
1847
7799
2724
5094
516
7719
5352
3389
5188
3081
593
860
6229
4436
9987
3797
5488
1150
2026
5705
1494
1539
846
3373
3139
5920
1559
467
8116
5578
4710
8110
6856
4183
8766
4981
3735
6680
8115
7031
4273
7023
7629
4650
6451
5507
2805
2996
4510
7177
9714
6344
9333
4121
5475
9287
1146
2742
4590
9040
3660
5663
3234
6060
9048
5752
3965
9993
8721
7666
1974
8328
5008
6461
5893
1632
9605
9411
4068
1653
7236
33
2806
2909
6711
1527
8362
6930
7892
7938
7329
908
5494
7645
8528
8770
7004
2264
8477
4650
2724
7662
9122
6495
9113
9488
2426
901
8048
2348
6155
14
6097
6171
3885
3492
5488
8349
6476
7809
3574
3601
7765
7845
8730
3081
1718
5234
2836
5116
7712
6952
2781
9209
9515
8685
841
4293
1016
267
3821
1724
4064
1837
5010
4312
8588
483
2261
3430
2219
8478
738
7727
4112
7935
1558
5252
43
3660
3940
1066
5880
7864
878
4886
7636
5592
6686
4952
190
8458
5598
8700
3892
29
9876
5744
1762
8262
2540
2702
1829
856
1487
3736
3165
84
3845
6406
7532
6496
6496
7568
4493
3276
9673
6734
5881
3006
516
7556
9113
8745
211
9618
4311
1486
8523
3957
5865
1597
739
8149
4202
3508
5488
9891
1530
6613
5627
2921
6941
6167
4978
7016
7804
2880
7169
2879
536
5147
6078
4762
447
2434
4332
4780
9807
126
4429
8804
8875
4478
3895
3698
2067
9407
6192
2231
2568
6966
5947
2613
9489
1731
8027
8332
4401
5663
1066
1355
3577
4637
5420
1340
6003
4950
8436
1451
4116
1565
408
7681
3369
162
9573
2488
3271
2498
3214
3061
1787
9104
5083
2075
2083
8516
8411
1483
9417
1419
8241
4818
1432
9286
6006
8543
4497
3760
5352
4072
2426
9910
4311
7350
8517
9711
8809
1502
5571
5101
3437
4100
2708
1049
5488
7839
8859
7494
684
6310
9638
4126
4152
287
8764
8479
593
7984
5557
6138
4088
9655
5530
9308
6817
733
267
1675
5614
6820
5907
8514
3518
9611
7107
8889
8838
1750
1010
3301
4954
7227
2534
6817
860
7765
6875
3234
5880
3577
3256
6768
4514
4564
336
766
5161
9516
8402
5828
5215
2295
2086
1572
9959
1917
6725
5242
428
1778
3736
1179
7976
4289
5186
6739
5229
4495
9413
3915
4623
55
9745
4268
5779
1284
4110
8966
5188
5133
8048
4909
8523
2876
8809
8007
8033
4977
2984
8600
7611
4400
2394
7618
5488
1134
7194
9174
5120
9306
3684
5738
4042
3371
201
4047
3023
3063
6565
6233
191
9967
481
8482
4344
4060
8059
3570
7383
7089
674
7905
1471
7437
7041
7443
9408
1679
6018
5324
7383
5887
9437
7089
5387
4502
8091
6060
7864
4637
6768
4501
8965
9904
2840
7689
2652
9605
8645
1458
8924
5058
4130
6006
6368
5411
3935
4910
9122
9124
6758
4138
1838
9272
8388
2776
3114
2822
2946
1217
8039
384
2485
8890
4590
6792
4544
1526
593
587
6155
2823
5865
5987
5571
2232
2984
9210
8852
5704
4295
1802
5805
7033
5488
174
2147
933
7573
2935
5533
4404
7856
9037
8054
2836
6338
1052
8300
6078
6132
2615
6409
7014
8289
6140
3821
5614
7533
5620
2963
9311
5942
6934
6192
7449
9047
738
2886
924
2906
1425
5114
4398
3775
5465
8967
9048
878
5420
4514
8965
2735
2561
5495
1764
714
2424
9572
9876
1270
6743
3944
7314
3214
6262
6496
7129
8722
3003
3845
9173
1642
5229
5756
101
6432
7504
7810
6006
6141
516
8256
6555
7909
1449
3133
2190
6229
667
6097
9855
739
2560
3437
2673
7611
4277
4295
8721
9277
1225
2555
2583
5488
3009
7323
3667
6895
9069
6680
750
3650
9712
6056
1113
2226
4504
3229
6778
4371
8081
6383
8628
4195
410
2453
367
5912
6038
7766
1998
4238
5793
9859
1755
5223
4477
8640
3573
1725
4392
327
3299
4273
602
9686
5752
4886
1340
4564
9904
2561
2445
260
7082
3518
9984
732
8512
1980
2453
1321
9977
4349
6916
8336
1986
9982
7517
1348
1565
1028
1420
4921
7837
1847
1181
8319
192
6764
4112
3389
1930
322
2540
1356
1504
9987
992
3885
9222
4202
3004
2708
8234
2394
4413
5805
3401
2555
3420
4850
6531
5488
4946
5434
9086
9477
2148
4511
4321
6687
7804
6937
3675
323
8800
1565
9585
813
9938
4332
8231
6536
9167
1724
6820
5620
432
3204
2067
1237
8066
9846
7364
6371
8975
5993
9299
8027
3212
3322
1894
5705
3173
8473
3965
7636
6003
336
2840
5495
260
2858
2930
812
9007
9573
6073
6631
4986
8460
1430
5108
2917
9521
2083
8486
3880
6496
1807
4772
3915
6096
5714
6006
2612
8530
8800
3047
7883
7147
7098
6588
8517
3174
4299
5536
3521
8872
117
8461
2374
5663
7980
3424
7580
3226
2997
8208
5213
5549
7931
5488
6757
5977
1477
9306
4639
2901
7233
4936
3763
5598
9552
1434
5057
5171
4762
2615
1303
7506
2790
7590
4355
6752
4235
7246
2219
8240
8330
6986
1469
2568
1206
2886
4599
8078
8546
7640
9104
5099
9991
9856
7623
630
9993
5592
4950
766
7689
1764
7082
2930
651
1134
6588
4837
9518
1426
5289
3880
5904
5083
994
5352
2762
1642
7520
2869
4788
9268
2628
7799
4170
6080
6708
9497
4072
8240
3760
3985
5891
667
6371
2218
1979
9973
7562
6766
7368
5700
2657
5507
1795
7745
6724
4668
2869
5939
5309
7891
5849
5488
8231
1479
3136
1109
966
2167
4252
3776
1043
4419
5116
1052
9970
125
7325
9438
5826
7268
3976
8303
1210
4064
5907
2963
3204
2025
7029
205
7334
6632
810
5797
7935
3835
2615
4398
2948
7660
845
2821
9987
640
8721
6686
8436
5161
2652
714
3518
812
1134
3884
6556
4834
2702
6385
5990
9977
9486
3003
755
6806
2232
9754
6426
4493
4294
3069
9745
926
3737
8256
7693
4225
7147
8964
1486
1679
4556
1992
4322
1905
2209
2673
2896
6380
1630
501
350
9299
2530
6317
8701
5150
9647
4036
2708
6837
9105
5488
8467
85
7889
2329
5219
5867
6708
8163
2125
8095
1287
4457
2777
12
8539
4513
7645
60
5483
5644
9811
4623
4650
6998
8093
544
2099
5600
9684
131
169
2425
4973
8661
1151
6902
2113
1855
1912
6511
2228
9695
7666
4952
1451
9516
9605
2424
9984
9007
6588
6556
9197
5965
8505
1778
6165
485
6842
8257
5540
971
2088
2214
8804
4382
8531
7700
8641
5486
6717
558
9903
5279
5068
3187
7680
3017
7778
6344
1374
4062
9767
2592
3027
5943
507
8502
8028
9470
8797
4131
2016
1335
8167
1171
7661
7057
8327
5488
4202
2336
3210
355
6941
603
5943
9037
5548
7169
2240
3995
1547
9935
447
6409
7506
9934
3516
4429
347
1837
8514
9311
2067
7029
6237
661
2688
5947
3421
2906
5268
7640
4401
901
5595
5129
5313
5420
6066
1853
1974
190
4116
8402
8645
9572
732
9573
4837
4834
5965
4461
1787
7129
929
8074
6654
8411
8054
4976
817
6432
1432
6734
4534
6080
1284
5352
4694
1449
3424
1889
8517
7482
3797
4322
3288
3437
9256
3413
8231
339
5507
5973
429
2583
4196
8819
5948
8490
6405
6875
4575
6819
1712
9094
5926
5488
931
1160
8263
3601
4373
4958
830
1718
2880
3675
3656
6952
3940
6396
7372
841
7237
9807
7546
1724
5691
3084
825
8588
5106
5886
2231
8478
337
8975
8656
1558
92
5860
7259
1066
1542
9220
1503
7636
8984
3769
8328
8458
1565
5828
1458
9876
8512
6073
9518
2702
8505
1787
3682
3165
6601
3605
978
6496
3690
4256
4818
9673
9176
6719
7736
7556
4060
7883
2698
4311
4524
107
5212
1597
2565
2819
7081
8461
1049
826
8480
937
4510
839
659
1092
3372
7931
5448
8615
2659
5216
1503
9205
1272
8458
9518
5488
9842
3750
5978
4814
1332
4404
3650
5766
8113
8300
7712
8300
125
4371
3436
4534
3002
6140
3169
7208
5912
5010
3518
5942
1237
205
661
5223
6537
924
643
8234
43
5821
4273
8967
5868
8312
640
4121
692
2561
5008
5598
408
5215
8924
1270
1980
6631
1426
6385
1778
7129
3165
9982
8378
5739
7947
5756
5141
127
1847
3443
926
516
8937
4560
5188
322
7842
6229
9622
949
5536
3533
4202
2673
8872
2503
339
9519
5749
2555
5555
8763
6501
8202
3374
8427
6837
8374
7204
6609
5219
3530
4868
7501
844
5488
873
1516
6578
4238
2524
650
3750
2487
989
4521
2127
7387
5914
6623
2434
7014
2790
3516
1847
2657
9000
6471
1890
4433
4664
3321
7851
8202
1747
9489
9134
5114
4457
5099
3485
5129
6129
6997
6296
2595
2289
1555
6461
8700
7681
2295
5058
6743
2453
4986
5289
5990
6165
929
6601
8378
4650
6721
3532
8241
264
4832
1492
6141
854
6156
7395
8240
1046
860
6932
7482
253
6483
5101
390
5432
5199
7116
8721
6556
1243
4226
7891
2869
6669
8449
9316
1054
4575
7736
5447
2701
6098
2382
8952
3060
8756
7101
5488
3651
3752
4600
3271
2734
2728
9183
7084
2562
7639
4411
7910
6808
5050
4750
5867
6527
1157
3052
123
7050
4312
9611
6934
8066
7334
2688
6537
5616
8491
4975
4376
6851
2494
3607
7257
7554
690
7657
611
472
415
5893
3892
3369
2086
4130
3944
1321
8460
3880
9977
485
8074
3605
5739
6721
4004
8494
8308
3989
1433
5094
755
9078
8745
5275
5881
4909
4082
7061
9855
9705
1509
117
8650
1074
1630
9818
8987
429
7801
7674
6501
3002
6114
7333
392
2671
3843
8982
4119
7249
7959
684
5608
6614
3990
1875
5488
9241
9427
5028
778
6222
7315
6568
6424
6898
8184
581
151
124
9970
525
8714
5978
5944
4714
4386
5062
5397
1424
761
2391
5852
3540
6224
3407
3016
3724
5696
7419
2415
7625
9244
938
5671
2325
2084
6350
1025
1632
29
162
1572
6006
7314
9977
1430
5904
9486
6842
6654
978
7947
3532
8494
9195
8774
8929
1701
2939
2644
6348
5633
6846
8270
6986
9842
1229
3995
6789
2916
6254
3008
459
2507
4000
8440
3402
2899
7753
102
325
4602
2
1915
385
5598
9569
4293
219
7961
6449
2098
9021
566
9391
5488
3009
6780
5627
2935
4511
4978
3156
8054
7169
323
6952
6078
7325
3436
4332
8289
7590
4429
2657
5620
3895
8588
7107
6192
9846
6632
5947
924
8491
8027
8401
3775
1066
9856
8473
5420
6093
2595
8436
5495
117
408
9605
9876
9573
9959
6368
3214
4349
5108
5083
3003
8257
8411
6496
5756
8241
8308
8774
6006
3192
3261
5352
7909
7147
4311
2996
667
8809
5536
328
3437
6856
8530
5663
8721
937
9299
377
8208
8819
686
8932
8427
8463
2865
3843
9205
1107
4591
9864
2245
7178
1535
7879
9468
2999
7532
4600
5488
8245
1570
8234
2907
1551
1048
9541
4653
483
3387
7427
9140
7857
5175
9082
9615
5964
4826
1333
1918
2635
6725
7134
6899
7770
9589
1014
8348
672
940
3343
1505
6755
7996
8697
9304
6823
4882
2472
7579
9781
4352
9411
5744
2488
1917
5411
6262
6916
2917
994
755
5540
8054
3690
5141
264
3989
8929
3192
9039
5934
5033
8260
5333
2046
1886
255
9506
3023
5167
9854
8367
7683
2119
1958
6334
8654
7574
8183
9267
6178
5329
6557
7387
2644
4856
5583
2401
5236
7616
8449
2197
8573
6403
5679
9313
2463
2397
5488
337
1060
5427
6920
8186
2298
3535
934
1215
8065
4148
2747
1693
1717
6893
604
8507
7727
9447
7692
8462
483
8889
7449
7364
810
3421
643
4975
8401
7396
87
8950
9702
8483
3281
1407
7455
5816
2322
8782
9477
4068
1762
3271
6725
3935
6496
8336
9521
5352
6806
971
4976
4256
127
4832
1433
1701
3261
5934
4022
3081
4503
9036
3957
1003
5202
4977
7592
7219
4277
2588
6596
7580
6275
2267
8701
177
7271
6405
1327
5279
7204
6791
2379
7249
1415
5463
7178
1358
4247
2348
3138
9027
9679
8949
2054
1810
5488
5539
1051
4227
54
6167
5943
9712
8113
3048
536
8636
9935
2124
6383
4780
6140
4355
347
9000
3895
1998
4948
9441
661
6966
5068
894
1725
7588
4401
9687
8967
3448
630
1340
1853
8429
1555
2652
408
6659
732
1653
8262
2498
5242
4910
7129
1986
2083
2762
2232
2088
817
4818
1847
1492
5094
2939
5352
5033
3081
2540
6229
9711
3797
2127
9973
3573
2708
1387
339
4326
9988
4581
7891
6531
5948
3261
8427
9476
8114
6516
9094
1359
8285
3621
844
1354
7264
31
7363
7700
9215
5385
9677
1047
9192
1006
5488
3791
8667
7573
457
7144
7856
5766
1073
6338
4905
2781
6132
9438
4534
8289
6477
3612
7533
9956
7958
5942
2261
8838
9047
6371
5797
2906
8234
4376
3775
87
5896
878
7995
4121
2735
6427
364
714
4482
1740
1270
7236
2540
3214
428
9122
8722
9982
8486
1642
9754
2214
6432
9673
3443
6141
755
2644
7909
8260
4503
6229
8902
1992
739
6944
6449
7611
2503
6075
9277
5787
7761
8208
8139
8202
4036
967
7293
6819
4283
1167
3530
6494
4553
5608
4710
4098
9468
9779
3241
9679
6988
504
57
8111
7837
6996
5488
2186
1416
8874
966
9278
8973
4122
4419
2879
8800
3940
7325
2479
1291
7717
8303
5438
8875
9538
3204
227
5886
5085
6632
8302
9956
1731
2615
2526
1894
7376
2821
1503
2024
9326
8436
6710
202
5861
812
9865
6051
33
2702
3061
1778
9124
3003
7517
3880
7520
6426
8804
1432
9176
926
854
9078
6348
7147
5333
9036
9711
1992
8983
2819
7369
2896
1044
7980
4212
9299
7170
149
5615
9647
5448
2699
4762
2514
6662
9477
7604
9864
7893
3306
7230
6946
928
489
2474
3075
7857
5917
5996
1357
5231
2932
2445
5488
1543
7809
6098
7765
4958
3081
4630
2836
2240
6952
7811
9515
5116
4293
9807
3821
6752
1837
6471
8588
4948
3430
1750
738
8975
7935
5268
43
6851
1066
8950
878
9801
5592
3769
190
4777
8700
6986
9876
4537
8262
2806
1829
1787
3736
6758
3845
1348
6496
2869
4493
4382
6734
6719
516
6156
8745
5633
4311
2046
3957
3797
739
2819
3508
9749
5700
7618
937
7171
2583
5912
79
7931
9316
2144
9105
7778
9205
5926
6510
3293
844
8957
6909
1875
55
4112
4600
3567
8929
1810
8924
978
6996
3191
7707
6996
5488
5459
8114
1139
1489
7605
508
6912
79
645
568
3402
2186
6413
7676
6592
7380
1975
8076
365
9593
5096
9235
2209
2881
31
947
8399
6255
4573
424
5118
5598
179
5296
6607
8056
174
2745
3143
89
3743
4202
2909
856
9104
1179
4138
9173
1565
1807
4788
4294
8531
4534
7736
8937
7395
5275
6846
2996
1886
1003
2127
6944
7369
9749
9476
6406
7502
1095
9347
1715
8519
5776
5466
2040
7338
2100
7320
5024
1815
7392
7991
1544
8464
8071
7268
173
6050
5686
89
4445
4021
4478
8357
9609
2871
8907
872
5488
2593
1532
9306
2477
2814
4936
6865
4132
1434
4668
9209
2615
5826
3002
7590
3612
5419
7246
6726
100
6986
2219
1010
2886
5993
3835
7640
5821
2494
9856
9702
7995
5592
6247
7985
1764
4279
5354
1134
9019
2497
1426
6711
1487
5083
7976
1838
1642
1028
4772
9268
3069
7700
6080
7556
4560
8240
5881
8270
667
255
5202
9973
6449
2896
5700
6406
9126
7745
5555
19
5939
941
9376
8463
6752
7292
3407
8094
6494
2241
6607
1579
2621
4365
8746
8461
4052
6881
639
7805
4208
8109
8827
1469
8211
4071
6058
929
5488
2962
7494
5030
9638
3709
287
6538
593
2915
6138
4587
5530
2108
733
126
5614
4235
8514
1890
7107
9441
1750
9086
4954
4509
6817
1768
6875
1671
3577
1988
4514
2406
766
3609
8402
1514
2295
8083
9959
3121
5242
1527
3736
2075
4289
9272
5229
1420
3915
2628
9745
8641
1284
4060
5188
1046
4909
6986
8809
9506
4977
3573
7611
1044
7618
7502
7745
2437
2607
5325
8490
8867
7547
7312
5447
5485
6690
6209
2245
4305
2242
5884
7363
5012
5467
8941
8929
9799
5674
5889
8615
5477
1116
8519
858
7329
2923
8878
5488
9275
7479
999
1332
4321
3156
6056
8300
536
1565
6396
3436
1291
4195
9167
7208
4216
3895
2300
1237
9859
8478
3301
924
9299
2615
4401
4273
3607
8473
8483
4121
3769
7985
260
408
8242
8365
6051
6631
9556
4349
8362
3165
2083
5186
8388
5756
4921
6096
7799
926
5486
5352
7883
322
860
4082
9842
5536
3023
7592
2708
2503
7980
937
1095
5555
2607
5549
116
8427
8561
4027
8601
5219
8458
9864
693
1527
7264
4773
2291
7532
9276
6176
5365
6836
3387
5459
2932
1424
5208
2773
6625
1948
5758
130
5693
5488
1855
9021
2184
8459
2312
8718
9185
3076
4146
8533
6995
2259
6465
3891
280
1453
7872
2450
909
8967
7753
7618
497
371
1818
9220
1545
3841
7864
3707
6952
1572
4312
5907
3202
886
1995
6186
9694
1503
3915
4214
6930
84
8516
6739
2776
101
7837
5714
4170
3737
6717
4694
2698
7842
6932
7061
1229
328
5167
7219
1387
6075
4212
7171
9347
19
5325
116
1774
9784
7526
2455
9662
2711
9942
2585
4528
8641
1269
6295
8343
3614
8465
9966
956
7008
1307
7591
1656
5983
5419
3635
2625
9604
8865
5310
3514
5488
1067
933
355
5533
4978
9037
8113
6338
3995
6078
9515
6409
7268
6140
4429
7533
7246
9311
4433
6192
661
738
4954
2906
8027
4398
901
8967
7257
5420
3281
2735
190
1764
408
9572
8898
6743
4834
3214
8295
7129
7892
3845
8411
5229
3114
6432
1847
6006
6080
8256
558
1449
4311
6229
7482
9855
3995
3437
9854
4277
339
9277
9299
2583
1715
5939
8490
8427
9784
6819
3693
8952
4591
8952
844
6631
7618
9468
6778
1651
7044
9677
639
6534
4654
6996
9475
5178
5496
858
3830
6102
3912
172
1724
7596
3591
5488
6427
4981
134
2513
9415
1656
2693
3528
3802
3035
1846
7183
525
1368
4415
4173
9971
6481
3159
5652
8738
9745
9379
8378
1320
5695
2141
3983
2368
9464
7479
8359
8591
4264
5504
4548
9889
4814
5711
8731
7579
617
7938
6406
1483
4495
2822
7504
1181
2612
6708
7693
9903
3424
4524
9622
253
9705
6789
6856
8367
2588
4326
5787
7170
5912
8519
941
8867
8561
7526
3693
2287
9381
9123
895
6883
7674
774
5424
6895
3301
4907
6059
1529
6114
7207
7191
7172
9705
3672
7361
9842
6712
941
3797
3870
9777
9864
5488
2022
5754
5260
3047
3658
8394
153
1278
7005
5813
1792
8596
6888
7598
872
4723
2421
6024
3516
6641
7859
7727
7227
1425
3212
2948
5595
5868
7554
6093
1407
6427
4777
4279
8242
8898
6481
8058
267
7838
2592
2411
7329
7532
9417
9413
2946
7810
8319
8530
9497
4225
5279
1889
107
949
6483
1509
2916
8530
7683
6596
9988
7761
149
79
5776
9376
7547
4027
2455
8952
9381
5351
6749
9239
3373
4464
91
2532
7137
4991
2545
7599
982
5635
6898
2255
6498
7168
8314
888
5824
2569
6994
3081
7202
8656
9395
5488
5689
9086
2921
4511
2031
7804
7503
323
5147
9585
7372
4332
7717
9167
8804
5620
2219
2067
4664
9846
6966
8975
4509
8027
3824
1894
1355
8473
2214
6003
3100
5495
1565
2930
1136
9573
1076
4986
3061
5108
2657
2083
908
6496
1419
3915
1217
6006
192
8800
4072
7147
5068
8517
5212
5536
5101
117
6254
5663
2119
7580
4581
8208
5615
7931
5466
8463
7312
8601
9662
4591
9123
6749
2420
7879
4525
489
7515
3315
7444
526
2715
5459
4110
3001
7755
1991
6809
4690
9297
5975
4621
6633
6271
5563
1975
790
679
5488
3108
9488
4238
4167
2049
2487
4089
7103
7387
1246
8685
7014
3976
3169
2657
9956
6726
4433
2675
1503
8202
4112
2534
5114
3322
7660
5129
8312
690
2595
7455
364
8700
5354
8365
6743
8058
327
5990
6182
9446
8378
5494
6496
8241
4623
8039
6141
6764
3047
8240
8964
3187
7482
1597
3533
390
8650
3008
8721
1958
6275
7891
8139
9647
9316
2040
6752
5447
5219
2711
8952
895
9239
7879
7962
3383
2419
5492
504
5459
9363
744
5372
1469
6580
7369
9474
6263
3912
9363
5814
2669
2129
9095
3584
2760
2520
900
5488
9192
5077
7815
7845
830
4630
1113
7712
8636
6396
9383
4293
3062
2453
5691
5010
2744
4948
245
8478
4477
375
3512
43
7259
6545
3448
4886
8134
3769
2620
5598
5331
4246
8512
8262
1152
3129
3390
3165
2928
1348
7645
7568
4818
55
384
516
4112
7883
3760
1486
7680
3797
2565
4202
5432
1074
459
937
6334
2267
6531
8202
5448
2144
7338
7292
5485
8458
9942
844
6883
3373
4525
3383
2718
3567
5914
6836
1006
7422
5613
7707
1055
1152
3921
7973
3608
5693
9964
8862
7267
6542
9791
4501
1203
1771
3384
5488
481
3136
309
2167
8973
1043
909
1052
1547
7325
5116
7268
2318
1210
8875
2963
8240
7029
3321
6632
5068
7935
6817
4398
1894
845
5313
640
7657
8436
5816
714
6986
1134
6051
4834
267
5990
3865
3003
7459
2232
8528
4493
1432
9745
2485
8256
3389
7147
3985
1679
3017
4322
2819
2673
5199
1630
2507
9299
8654
8701
5948
4036
2699
9105
2100
3407
6690
9864
2585
6631
7674
4464
489
2419
3567
6136
6986
1357
4778
7601
8821
5496
8763
1455
238
5025
7605
2923
9525
5724
8092
883
4103
1969
9276
8257
3018
5488
5007
962
9879
8306
4859
3161
8929
8316
5574
5398
1348
2624
1095
4884
1104
2638
7782
5521
4057
7319
6435
8169
8211
1502
1315
5076
767
8411
6550
4081
7638
5261
3974
2164
6577
6725
7046
1235
8043
849
9654
4415
8770
3276
9286
4268
8890
6555
1930
7098
5891
4556
7778
3288
7081
8872
7116
9818
4000
377
7574
177
3261
967
4762
7778
7320
8094
6209
693
4528
7618
774
91
7515
5492
5914
6986
4579
6264
2316
8133
2023
8368
7317
447
5519
1028
7308
4501
4816
523
2229
8572
6063
6216
7688
6100
3875
5488
5219
8334
2935
7144
6687
8054
8300
4905
6078
813
841
8289
8303
7208
5620
7958
100
6192
1503
6371
924
1558
860
3775
5705
2821
5420
4121
611
5495
2322
4482
9876
9019
6631
3214
7838
6182
3003
8486
5679
5756
7004
9673
6006
5779
4590
7909
322
6588
667
1992
6344
3437
8461
2503
8721
8987
8440
8208
8183
7271
8427
7293
2514
9205
5024
6494
2245
1527
8641
9468
5424
2532
3315
504
6836
1357
6264
7903
5178
8375
1808
1948
4044
6491
5578
8568
8166
5563
6653
7531
9489
544
7828
9804
2875
926
5149
5488
3554
3210
2076
603
7016
5548
3048
3995
339
447
4596
9934
6443
347
4478
9311
8330
6237
7851
5947
894
5268
1768
901
1355
5313
7684
1853
9513
4116
8941
9572
8382
4837
2498
4461
4348
929
3888
8411
2114
817
2264
6734
8543
1284
6792
1449
2540
8517
6371
4322
1374
9256
1049
339
6556
429
3402
8819
9267
6405
9476
6819
6662
5926
1815
2241
4305
7264
1269
6778
6895
7137
7444
5459
1006
4778
2316
5178
505
4999
6733
8289
6852
9341
4627
3591
1806
3278
9535
9036
8479
1200
5203
3422
4710
6194
1731
5488
2752
3570
4796
2426
8874
4526
5576
3094
3438
418
173
2254
3570
1311
2770
4314
37
5119
1278
8071
6512
5252
7765
5465
3173
9987
6066
692
472
117
8782
1740
4537
2497
9556
8295
2592
9446
7459
5679
1323
8792
8477
5881
4497
4110
4544
3133
1356
3174
2218
1905
4062
3413
826
9519
1243
7801
2899
686
6178
1327
8114
4283
9477
6510
7392
6607
2242
4773
6295
1651
3301
4991
526
9363
7422
7601
8133
8375
4999
3091
7687
8650
3303
5646
9733
370
5848
4527
433
2811
8725
6833
1784
6087
9984
8550
4361
5488
2570
2977
5169
9182
629
2090
1172
3186
4267
4582
8494
1977
3502
7066
3339
3602
2518
4247
8808
4150
1493
6925
6700
8602
6577
6986
3647
4147
8477
3808
7868
302
2388
7297
6784
7039
8515
8753
9659
1335
4191
8134
4650
3006
3760
8966
1526
2190
1504
4299
1979
2209
9767
8231
8480
5749
4226
7674
7753
8932
5329
5279
6516
1167
7604
3293
7991
1579
5884
2291
8343
7044
4907
2545
2715
744
5613
8821
2023
1808
6733
7687
5717
5494
7826
6829
3829
4481
2560
4774
9620
7587
1134
5674
1554
9285
7359
4667
6976
5488
460
5978
54
4404
3156
8113
2226
8300
9935
3436
4293
6140
1210
5912
3895
5942
6986
661
8202
924
1725
43
6875
8967
8473
640
1853
2561
415
408
9477
1270
8262
1426
4349
7129
2411
8378
2232
5756
8792
1847
2724
516
5352
5188
593
6229
9987
5536
9973
2673
2592
339
937
2555
7891
6501
102
8427
6557
7204
9094
3530
9864
844
1544
2621
7363
7532
3614
9677
6059
7599
5459
5372
7707
5496
8368
1948
8289
8650
5494
7596
9353
5502
2277
4501
4107
468
8257
1363
4154
6634
8858
7016
8706
7626
1698
5488
6204
526
4639
2814
7581
5598
5204
4668
4762
9938
7237
7590
5438
4216
2219
100
4872
2568
5616
5993
8546
5860
8971
9856
2268
2024
4950
7985
7363
2930
1675
9019
9518
4933
4322
5083
4750
9436
7520
4772
7664
7799
7662
7556
4072
5133
587
667
992
3521
7562
2896
3027
5507
4510
5555
2869
3002
325
8463
7387
6791
1359
6494
7893
8957
8464
4365
5012
9276
8465
639
1529
982
4110
1469
1055
8763
7317
4044
6852
3303
7826
9353
4185
2225
1561
6629
7783
725
6317
4129
244
294
9739
9452
5811
9026
7772
5488
2026
1494
846
3139
1559
8116
4710
6856
8766
3735
8115
4273
7629
6451
2805
4510
9714
9333
5475
1146
4590
3660
3234
9048
3965
8721
1974
5008
5893
9605
4068
7236
2806
6711
8362
7892
7329
5494
8528
7004
8477
2724
9122
9113
2426
8048
6155
6097
3885
8872
6766
6380
5943
5973
839
8763
6669
6114
4602
2865
2644
2379
8285
4553
3306
6909
8071
8746
5467
6176
9966
6534
6114
5635
3001
6580
1152
1455
447
6491
9341
5646
6829
5502
2225
4002
7009
120
4906
6757
3780
9299
7038
2728
4533
9026
7287
8690
6310
5488
6563
4600
8010
2728
9333
2562
7410
7910
4180
4750
9048
1157
3087
7050
3698
6934
1469
2688
1747
8491
7588
6851
1671
7257
2214
7657
9513
415
6432
3369
6566
3944
9670
3880
3326
8074
1715
6721
541
8308
9144
5094
6495
8745
9910
4909
2823
9855
9222
117
7368
1630
507
429
659
6501
8449
7333
2
3843
4856
7249
3621
5608
7230
1875
7268
8461
8941
5365
956
4654
7207
6898
7755
7369
3921
238
5519
5578
4627
9733
3829
2277
1561
7009
8408
319
5574
9655
1496
7883
1809
3867
6776
1476
6881
7771
8703
5488
6476
3574
7765
8730
1718
2836
7712
2781
9515
841
1016
3821
4064
5010
8588
2261
2219
738
4112
1558
43
3940
5880
878
7636
6686
190
5598
3892
9876
1762
2540
1829
1487
3165
3845
7532
6496
4493
9673
5881
516
9113
211
4311
8523
5865
739
4202
8461
5700
501
8502
2583
1092
8202
9316
392
1915
9205
5583
1415
844
4710
6946
55
173
4052
8929
6836
7008
6996
7191
2255
1991
9474
7973
5025
1028
8568
3591
370
4481
4501
6629
120
319
8765
2490
5149
6504
9889
8281
6814
9107
7447
3563
6536
6235
5488
4997
5246
1766
4870
6433
1731
7038
6687
5083
6636
3154
9102
1974
1632
2213
7107
597
9831
8409
4803
2123
5966
7382
853
6849
8111
4298
1598
3065
7690
8956
2229
9408
1763
9159
8074
64
3547
9521
4538
8917
7719
9488
9618
7350
2876
5987
2560
3004
2374
2657
350
8028
4196
3372
3374
1054
2671
385
1107
2401
5463
1354
4098
928
4112
6050
6881
9799
3387
1307
9475
7172
6498
6809
6263
3608
7605
7308
8166
1806
5848
2560
4107
7783
4906
5574
2490
5901
1314
5886
1348
6945
7332
1916
2464
3970
1708
3732
5488
1530
5627
6941
4978
7804
7169
536
6078
447
4332
9807
4429
8875
3895
2067
6192
2568
5947
9489
8027
4401
1066
3577
5420
6003
8436
4116
408
3369
9573
3271
3214
1787
5083
2083
8411
9417
8241
1432
6006
4497
5352
2426
4311
8517
8809
5571
3437
2708
5663
5507
9299
9470
8819
7931
8427
4575
3843
5598
4591
5236
7178
7264
9468
489
4600
5686
639
5674
5459
7591
5178
9705
7168
4690
3912
5693
2923
4501
5563
3278
4527
4774
468
725
6757
9655
5149
1314
6631
7953
2794
4493
861
9953
4985
1977
3203
9365
5488
2010
8766
727
4252
4122
909
4504
125
2124
1291
3062
1210
4692
7766
227
205
2399
5068
2121
2615
3299
6545
5318
640
9326
1711
2652
3518
9288
6051
6606
6385
3390
1088
7517
2232
9028
8773
6961
926
101
3389
901
1486
9711
8007
2232
2673
8234
7980
1795
2530
8797
5948
5448
6837
7736
8982
9569
9864
7616
1358
31
9779
2474
3567
89
7805
5889
2932
1656
5496
3672
8314
9297
9363
9964
9525
4816
6653
9535
433
9620
8257
6317
3780
1496
6504
5886
7953
165
3826
7172
6291
479
1588
7611
5466
9334
5488
8859
684
9638
4152
8764
593
5557
4088
5530
6817
267
5614
5907
3518
7107
8838
1010
4954
2534
860
6875
5880
3256
4514
336
5161
8402
5215
2086
9959
6725
428
3736
7976
5186
5229
9413
4623
9745
5779
4110
5188
8048
8523
8809
8033
2984
7611
2394
3424
7745
6317
4131
8490
8615
8374
5447
4119
4293
2245
8449
4247
7363
3241
3075
8929
4445
4208
8615
1424
5983
858
7361
888
5975
5814
8862
5724
523
7531
9036
2811
7587
1363
4129
9299
7883
9889
1348
2794
3826
4496
7076
3439
1361
8037
4815
4518
9594
5488
6064
5427
5858
2298
8659
1215
3243
2747
8917
6893
9141
7727
3110
8462
9407
7449
1206
3421
9134
8401
9687
8950
1988
3281
3100
5816
8941
9477
6566
3271
217
6496
8092
5352
5776
4976
3451
4832
6279
3261
345
3081
2348
3957
1502
4977
9210
4277
4413
7580
6724
8701
2016
6405
2659
7204
2701
7249
219
7178
2197
2348
7700
9679
7857
1810
4021
8109
5477
5208
5419
3830
9842
5824
4621
2669
7267
8092
2229
9489
8479
8725
1134
4154
244
7038
1809
8281
6945
4493
7172
7076
9325
3850
2623
8809
3312
2658
6011
5488
7194
5120
3684
4042
201
3023
6565
191
481
4344
8059
7383
674
1471
7041
9408
6018
7383
9437
5387
8091
7864
6768
8965
2840
2652
8645
8924
4130
6368
3935
9122
6758
1838
8388
3114
2946
8039
2485
4590
4544
593
6155
5865
5571
2984
8852
4295
5805
3226
4668
5150
1335
6875
5216
6609
6098
7959
7961
1535
8573
3138
9215
6988
5917
8924
4478
8827
1116
2773
3635
6102
6712
2569
6633
2129
6542
883
8572
544
1200
6833
5674
6634
294
2728
3867
6814
7332
861
6291
3439
3850
139
5271
313
181
4495
8558
5488
2288
7452
2524
2049
88
4521
5590
1246
2434
8231
7546
2657
9538
2300
4664
1503
5616
9489
608
3322
3485
9220
6443
2595
4375
202
7681
8365
3121
4986
3833
6182
6601
9436
8315
8241
4996
1564
854
3047
5966
860
14
1597
5101
8600
5704
8721
3401
2997
2869
9647
8167
4575
1503
5219
2382
684
6449
7879
6403
9027
5385
504
5996
978
8357
1469
8519
6625
2625
3912
941
6994
6271
9095
9791
4103
6063
7828
5203
1784
1554
8858
9739
4533
6776
9107
1916
9953
479
1361
2623
5271
8115
3339
7160
6628
4225
5488
2147
7573
5533
7856
8054
6338
8300
6132
6409
8289
3821
7533
2963
5942
6192
9047
2886
2906
5114
3775
8967
878
4514
2735
5495
714
9572
1270
3944
3214
6496
8722
3845
1642
5756
6432
7810
6141
8256
7909
3133
6229
6097
739
3437
7611
4295
9277
2555
8208
5939
4036
1171
6819
9205
3530
8952
5608
2098
9468
5679
9679
9677
57
1357
6996
9609
8211
858
1948
9604
172
3797
3081
5563
3584
4501
1969
6216
9804
3422
6087
9285
7016
9452
9026
1476
7447
2464
4985
1588
8037
8809
313
3339
8110
6092
6186
2411
5488
8370
9677
983
3350
8523
8506
9740
7552
2938
8207
924
408
1603
9349
181
2108
4904
9440
552
2554
5901
1664
5660
5840
6245
2937
2228
4240
976
7310
7385
4129
6470
4323
4484
4827
6069
2310
584
1829
3730
4436
6171
8149
4100
4400
1802
1225
3420
5213
5309
2708
7661
1712
1272
4868
3060
6614
9021
2999
9313
8949
1047
8111
5231
3191
2871
4071
7329
5758
8865
1724
3870
7202
1975
2760
1203
9276
7688
2875
4710
9984
7359
8706
5811
7287
6881
3563
3970
1977
7611
4815
3312
181
7160
6092
2422
5401
6848
5488
7323
6895
6680
3650
6056
2226
3229
4371
6383
4195
2453
5912
7766
4238
9859
5223
8640
1725
327
4273
9686
4886
4564
2561
260
3518
732
1980
1321
4349
8336
9982
1348
1028
4921
1847
8319
6764
3389
322
1356
9987
3885
4202
2708
2394
5805
2555
4850
5549
7891
6837
7057
9094
8458
7501
8756
3990
566
7532
2463
2054
9192
7837
2932
7707
8907
6058
2923
130
5310
7596
9777
8656
790
2520
1771
8257
6100
926
6194
8550
4667
7626
9026
8690
7771
6536
1708
3203
5466
4518
2658
4495
6628
6186
5401
8378
8532
5488
6723
6098
9496
3081
2880
2240
8636
9515
4596
9807
5908
1837
2228
4948
2231
738
4599
5268
4457
1066
3448
9801
2406
190
1565
6986
8382
8262
9670
1787
8092
3845
3236
2869
4818
6734
6518
6156
8764
4311
4686
3797
3492
3508
1049
7618
7033
2583
6531
7931
5849
9105
8327
5926
9518
844
7101
1875
9391
4600
2397
1810
1006
6996
2445
6996
872
929
8878
5693
3514
3591
9864
9395
679
900
3384
3018
3875
5149
1731
4361
6976
1698
7772
6310
8703
6235
3732
9365
9334
9594
6011
8558
4225
2411
6848
8532
3612
